Test-ID;Device;Cert_Algo;KAP;Lab Test;MIN Ping-MDEV;Q1 Ping-MDEV;Q2 Ping-MDEV;Q3 Ping-MDEV;MAX Ping-MDEV;Mean Ping-MDEV;Mean Ping-MDEV-Comp;STD Dev Ping-MDEV;STD Dev Ping-MDEV-Comp;MIN Ping-AVG;Q1 Ping-AVG;Q2 Ping-AVG;Q3 Ping-AVG;MAX Ping-AVG;Mean Ping-AVG;Mean Ping-AVG-Comp;STD Dev Ping-AVG;STD Dev Ping-AVG-Comp;MIN Dur;Q1 Dur;Q2  Dur;Q3 Dur;MAX Dur;Significance Level;Variance;t-test p-value;t-test Result;Mean Duration;Mean Duration-Comp;STD Dev Duration;STD Dev Duration;Mdur-MAvgPing;Mdur-MAvgPing-Comp
A-1;LXC-Debian_12-1GB_RAM-512MB_SWAP-2CORE;ecdsa-sha256_TLS_AES_256_GCM_SHA384;X25519Kyber768Draft00;openSSL-Cloudflare_User;0,719;1,513;1,8465;2,505;7,003;2,11339;;0,973617891;;12,597;13,027;13,395;14,023;18,255;13,66627;;0,962682532;;102;109;112;118;142;0,05;59,0379798;;;114,18;;7,645103008;;100,51373
A-2;LXC-Debian_12-1GB_RAM-512MB_SWAP-2CORE;ecdsa-sha256_TLS_AES_256_GCM_SHA384;X25519;openSSL-Cloudflare_User;0,833;1,48475;1,7815;2,38525;5,454;2,0893;0,011530178;0,992904109;-0,019424049;12,633;13,181;13,508;14,1235;16,317;13,6996;-0,002432918;0,726115142;0,325798728;103;109;112,5;118,25;143;0,05;57,13575758;0,882142585;No Significance;114,34;-0,001399335;7,520930793;0,016510219;100,6404;-0,00125864
B-1;LXC-Debian_12-1GB_RAM-512MB_SWAP-2CORE;ecdsa-sha256_TLS_AES_256_GCM_SHA384;X25519Kyber768Draft00;openSSL-Cloudflare_Global;1,042;1,52875;1,926;2,4625;5,011;2,11627;;0,819765038;;12,691;13,28425;13,805;14,45025;16,415;13,90252;;0,7654279;;100;108;112;117;126;0,05;33,86616162;;;112,95;;5,790293602;;99,04748
B-2;LXC-Debian_12-1GB_RAM-512MB_SWAP-2CORE;ecdsa-sha256_TLS_AES_256_GCM_SHA384;X25519;openSSL-Cloudflare_Global;0,842;1,4265;1,6835;2,113;5,098;1,79749;0,177347301;0,595413176;0,376800298;12,631;13,59425;13,9205;14,2935;15,557;13,94606;-0,003122029;0,579643974;0,320513857;100;109,75;113;120;143;0,05;74,09656566;0,020489555;Significant;115,38;-0,021060842;8,56478838;-0,323942012;101,43394;-0,023527234
C-1;LXC-Debian_12-1GB_RAM-512MB_SWAP-2CORE;ecdsaP384dilithium3;kyber768sha384;openSSH-Localhost;0,003;0,007;0,009;0,011;0,015;0,00901;;0,00245151;;0,021;0,027;0,029;0,031;0,04;0,02892;;0,004105314;;173;173;173;174;184;0,05;2,007575758;;;173,65;;1,409787218;;173,62108
C-2;LXC-Debian_12-1GB_RAM-512MB_SWAP-2CORE;rsa;curve25519sha256;openSSH-Localhost;0,005;0,008;0,01;0,012;0,016;0,01006;-0,104373757;0,002407571;0,018250071;0,023;0,027;0,029;0,032;0,041;0,02967;-0,025278059;0,003600153;0,140316505;173;177;177;178;182;0,05;1,892828283;1,9733E-52;Significant;177,81;-0,02339576;1,368904672;0,029865152;177,78033;-0,023395445
C-3;LXC-Debian_12-1GB_RAM-512MB_SWAP-2CORE;ecdsaP384dilithium3;curve25519sha256;openSSH-Localhost;0,004;0,008;0,01;0,011;0,015;0,00968;-0,069214876;0,002275434;0,077381156;0,021;0,027;0,0285;0,032;0,04;0,02941;-0,016661;0,003736563;0,098687237;173;177;177;177;189;0,05;3,484444444;3,25126E-38;Significant;177,52;-0,021800361;1,857309883;-0,240952072;177,49059;-0,021801212
C-4;LXC-Debian_12-1GB_RAM-512MB_SWAP-2CORE;rsa;kyber768sha384;openSSH-Localhost;0,004;0,008;0,009;0,011;0,016;0,00956;-0,057531381;0,00235083;0,042827475;0,022;0,026;0,028;0,032;0,046;0,02923;-0,010605542;0,004330947;-0,052097881;173;177;177;177;185;0,05;2,696868687;2,33005E-42;Significant;177,49;-0,021635022;1,633982864;-0,137208077;177,46077;-0,021636838
D-1;LXC-Debian_12-1GB_RAM-512MB_SWAP-2CORE;ecdsaP384dilithium3;kyber768sha384;openSSH-ClientServer;0,006;0,01;0,013;0,01625;0,027;0,01328;;0,004282709;;0,042;0,046;0,05;0,053;0,068;0,05045;;0,005519737;;134;134;134;135;145;0,05;3,860505051;;;135,09;;1,95496803;;135,03955
D-2;LXC-Debian_12-1GB_RAM-512MB_SWAP-2CORE;rsa;curve25519sha256;openSSH-ClientServer;0,004;0,009;0,012;0,01525;0,026;0,0123;0,079674797;0,004348563;-0,015143752;0,041;0,046;0,049;0,052;0,064;0,04907;0,028123089;0,004486101;0,23040868;135;136;136;137;141;0,05;0,939292929;2,14003E-09;Significant;136,49;-0,010257162;0,964313227;1,027316411;136,44093;-0,010270965
D-3;LXC-Debian_12-1GB_RAM-512MB_SWAP-2CORE;ecdsaP384dilithium3;curve25519sha256;openSSH-ClientServer;0,004;0,009;0,0105;0,014;0,024;0,01148;0,156794425;0,004026115;0,063732577;0,04;0,045;0,047;0,051;0,062;0,04821;0,046463389;0,004639601;0,189700792;138;138;138;139;144;0,05;0,757474747;1,14576E-32;Significant;138,49;-0,024550509;0,865967667;1,257553146;138,44179;-0,024575238
D-4;LXC-Debian_12-1GB_RAM-512MB_SWAP-2CORE;rsa;kyber768sha384;openSSH-ClientServer;0,007;0,009;0,011;0,013;0,022;0,0117;0,135042735;0,003809199;0,124306969;0,04;0,045;0,048;0,052;0,063;0,04876;0,034659557;0,005053949;0,09216325;136;136;136;137;141;0,05;1,048080808;3,12957E-11;Significant;136,68;-0,011633011;1,018626526;0,919219635;136,63124;-0,011649532
