id;ping-transmitted;ping-received;ping-mdev-ms;ping-avg-ms;dur-sec
CYBER786-LOCAL-1;10;10;1,731;13,783;0,112
CYBER786-LOCAL-2;10;10;1,955;13,249;0,107
CYBER786-LOCAL-3;10;10;3,993;15,587;0,121
CYBER786-LOCAL-4;10;10;1,427;13,106;0,111
CYBER786-LOCAL-5;10;10;4,023;15,124;0,125
CYBER786-LOCAL-6;10;10;3,995;15,091;0,112
CYBER786-LOCAL-7;10;10;1,715;13,654;0,119
CYBER786-LOCAL-8;10;10;2,616;14,329;0,126
CYBER786-LOCAL-9;10;10;3,263;14,300;0,112
CYBER786-LOCAL-10;10;10;1,656;13,120;0,110
CYBER786-LOCAL-11;10;10;1,689;12,859;0,106
CYBER786-LOCAL-12;10;10;1,178;13,128;0,124
CYBER786-LOCAL-13;10;10;1,181;12,957;0,107
CYBER786-LOCAL-14;10;10;1,878;12,991;0,115
CYBER786-LOCAL-15;10;10;1,935;13,220;0,108
CYBER786-LOCAL-16;10;10;1,817;13,293;0,109
CYBER786-LOCAL-17;10;10;2,244;13,495;0,112
CYBER786-LOCAL-18;10;10;0,989;12,597;0,141
CYBER786-LOCAL-19;10;10;1,083;12,808;0,108
CYBER786-LOCAL-20;10;10;3,650;14,549;0,113
CYBER786-LOCAL-21;10;10;3,292;14,460;0,109
CYBER786-LOCAL-22;10;10;0,719;12,613;0,125
CYBER786-LOCAL-23;10;10;1,789;13,269;0,115
CYBER786-LOCAL-24;10;10;2,377;13,745;0,142
CYBER786-LOCAL-25;10;10;2,466;13,738;0,128
CYBER786-LOCAL-26;10;10;1,640;13,275;0,123
CYBER786-LOCAL-27;10;10;1,564;12,900;0,106
CYBER786-LOCAL-28;10;10;2,462;14,217;0,122
CYBER786-LOCAL-29;10;10;2,475;12,877;0,110
CYBER786-LOCAL-30;10;10;1,985;13,332;0,104
CYBER786-LOCAL-31;10;10;2,805;14,383;0,129
CYBER786-LOCAL-32;10;10;1,834;13,391;0,116
CYBER786-LOCAL-33;10;10;3,497;14,716;0,107
CYBER786-LOCAL-34;10;10;1,878;14,439;0,120
CYBER786-LOCAL-35;10;10;3,206;14,693;0,118
CYBER786-LOCAL-36;10;10;2,052;13,988;0,113
CYBER786-LOCAL-37;10;10;2,549;13,882;0,123
CYBER786-LOCAL-38;10;10;2,370;15,628;0,113
CYBER786-LOCAL-39;10;10;2,352;14,961;0,125
CYBER786-LOCAL-40;10;10;1,622;13,898;0,118
CYBER786-LOCAL-41;10;10;2,011;14,279;0,120
CYBER786-LOCAL-42;10;10;2,008;13,803;0,109
CYBER786-LOCAL-43;10;10;1,613;13,489;0,102
CYBER786-LOCAL-44;10;10;1,607;13,399;0,112
CYBER786-LOCAL-45;10;10;1,040;12,628;0,109
CYBER786-LOCAL-46;10;10;2,504;13,306;0,114
CYBER786-LOCAL-47;10;10;1,285;13,033;0,112
CYBER786-LOCAL-48;10;10;4,454;18,255;0,122
CYBER786-LOCAL-49;10;10;1,746;12,846;0,105
CYBER786-LOCAL-50;10;10;2,894;13,998;0,114
CYBER786-LOCAL-51;10;10;1,005;12,968;0,111
CYBER786-LOCAL-52;10;10;1,504;13,095;0,111
CYBER786-LOCAL-53;10;10;1,516;13,536;0,120
CYBER786-LOCAL-54;10;10;2,574;14,254;0,120
CYBER786-LOCAL-55;10;10;1,705;13,550;0,115
CYBER786-LOCAL-56;10;10;1,126;12,842;0,115
CYBER786-LOCAL-57;10;10;1,596;13,371;0,112
CYBER786-LOCAL-58;10;10;1,235;12,929;0,110
CYBER786-LOCAL-59;10;10;2,197;13,047;0,118
CYBER786-LOCAL-60;10;10;1,308;12,914;0,104
CYBER786-LOCAL-61;10;10;1,246;12,790;0,106
CYBER786-LOCAL-62;10;10;2,508;13,239;0,131
CYBER786-LOCAL-63;10;10;3,340;14,098;0,106
CYBER786-LOCAL-64;10;10;1,207;12,845;0,112
CYBER786-LOCAL-65;10;10;2,028;13,021;0,112
CYBER786-LOCAL-66;10;10;1,336;12,904;0,108
CYBER786-LOCAL-67;10;10;1,563;12,926;0,130
CYBER786-LOCAL-68;10;10;1,346;13,027;0,110
CYBER786-LOCAL-69;10;10;1,300;13,027;0,120
CYBER786-LOCAL-70;10;10;1,632;13,461;0,117
CYBER786-LOCAL-71;10;10;1,948;14,510;0,124
CYBER786-LOCAL-72;10;10;2,574;13,609;0,116
CYBER786-LOCAL-73;10;10;3,048;14,247;0,108
CYBER786-LOCAL-74;10;10;1,956;13,045;0,113
CYBER786-LOCAL-75;10;10;4,349;14,692;0,106
CYBER786-LOCAL-76;10;10;1,711;13,581;0,107
CYBER786-LOCAL-77;10;10;1,378;12,745;0,106
CYBER786-LOCAL-78;10;10;1,620;13,039;0,110
CYBER786-LOCAL-79;10;10;1,477;13,352;0,113
CYBER786-LOCAL-80;10;10;1,991;13,678;0,116
CYBER786-LOCAL-81;10;10;1,464;13,438;0,107
CYBER786-LOCAL-82;10;10;3,990;14,513;0,114
CYBER786-LOCAL-83;10;10;3,006;13,674;0,110
CYBER786-LOCAL-84;10;10;1,656;12,909;0,111
CYBER786-LOCAL-85;10;10;7,003;17,659;0,110
CYBER786-LOCAL-86;10;10;1,082;12,649;0,110
CYBER786-LOCAL-87;10;10;3,029;16,555;0,118
CYBER786-LOCAL-88;10;10;2,081;13,886;0,116
CYBER786-LOCAL-89;10;10;1,527;13,457;0,126
CYBER786-LOCAL-90;10;10;1,537;13,199;0,118
CYBER786-LOCAL-91;10;10;2,083;13,704;0,104
CYBER786-LOCAL-92;10;10;1,334;13,529;0,114
CYBER786-LOCAL-93;10;10;4,138;14,350;0,111
CYBER786-LOCAL-94;10;10;1,236;13,196;0,108
CYBER786-LOCAL-95;10;10;2,508;13,825;0,105
CYBER786-LOCAL-96;10;10;0,921;12,629;0,109
CYBER786-LOCAL-97;10;10;1,688;13,203;0,109
CYBER786-LOCAL-98;10;10;2,235;13,112;0,113
CYBER786-LOCAL-99;10;10;1,859;13,131;0,107
CYBER786-LOCAL-100;10;10;1,524;12,986;0,108
CYBER786-GLOBAL-1;10;10;2,059;14,072;0,112
CYBER786-GLOBAL-2;10;10;1,450;13,229;0,110
CYBER786-GLOBAL-3;10;10;3,677;13,720;0,106
CYBER786-GLOBAL-4;10;10;1,726;13,261;0,111
CYBER786-GLOBAL-5;10;10;3,159;14,202;0,106
CYBER786-GLOBAL-6;10;10;1,400;13,277;0,111
CYBER786-GLOBAL-7;10;10;1,490;12,744;0,116
CYBER786-GLOBAL-8;10;10;2,034;13,134;0,105
CYBER786-GLOBAL-9;10;10;1,205;12,713;0,121
CYBER786-GLOBAL-10;10;10;1,073;13,007;0,118
CYBER786-GLOBAL-11;10;10;1,353;13,288;0,109
CYBER786-GLOBAL-12;10;10;1,562;13,768;0,106
CYBER786-GLOBAL-13;10;10;1,421;13,478;0,107
CYBER786-GLOBAL-14;10;10;1,933;13,562;0,108
CYBER786-GLOBAL-15;10;10;1,936;13,018;0,109
CYBER786-GLOBAL-16;10;10;1,432;12,849;0,108
CYBER786-GLOBAL-17;10;10;1,700;13,304;0,120
CYBER786-GLOBAL-18;10;10;1,177;13,862;0,112
CYBER786-GLOBAL-19;10;10;2,794;13,924;0,108
CYBER786-GLOBAL-20;10;10;3,321;13,991;0,121
CYBER786-GLOBAL-21;10;10;1,119;12,827;0,103
CYBER786-GLOBAL-22;10;10;1,545;13,104;0,113
CYBER786-GLOBAL-23;10;10;1,042;12,691;0,107
CYBER786-GLOBAL-24;10;10;1,343;13,062;0,103
CYBER786-GLOBAL-25;10;10;1,741;13,099;0,115
CYBER786-GLOBAL-26;10;10;1,747;13,223;0,107
CYBER786-GLOBAL-27;10;10;2,446;13,671;0,107
CYBER786-GLOBAL-28;10;10;1,542;13,497;0,107
CYBER786-GLOBAL-29;10;10;1,672;12,983;0,117
CYBER786-GLOBAL-30;10;10;1,451;12,903;0,113
CYBER786-GLOBAL-31;10;10;2,346;13,712;0,116
CYBER786-GLOBAL-32;10;10;1,535;13,810;0,102
CYBER786-GLOBAL-33;10;10;1,510;13,282;0,115
CYBER786-GLOBAL-34;10;10;1,557;13,428;0,117
CYBER786-GLOBAL-35;10;10;1,915;13,173;0,115
CYBER786-GLOBAL-36;10;10;1,919;13,656;0,106
CYBER786-GLOBAL-37;10;10;1,325;13,245;0,119
CYBER786-GLOBAL-38;10;10;1,507;13,701;0,108
CYBER786-GLOBAL-39;10;10;2,567;14,582;0,119
CYBER786-GLOBAL-40;10;10;1,309;13,177;0,112
CYBER786-GLOBAL-41;10;10;2,456;14,269;0,111
CYBER786-GLOBAL-42;10;10;1,950;13,459;0,106
CYBER786-GLOBAL-43;10;10;1,739;13,994;0,116
CYBER786-GLOBAL-44;10;10;1,711;13,352;0,108
CYBER786-GLOBAL-45;10;10;2,212;14,285;0,122
CYBER786-GLOBAL-46;10;10;1,384;12,869;0,106
CYBER786-GLOBAL-47;10;10;1,077;13,104;0,113
CYBER786-GLOBAL-48;10;10;2,383;14,187;0,100
CYBER786-GLOBAL-49;10;10;2,854;15,180;0,110
CYBER786-GLOBAL-50;10;10;2,587;14,662;0,106
CYBER786-GLOBAL-51;10;10;1,786;13,349;0,105
CYBER786-GLOBAL-52;10;10;2,072;13,721;0,111
CYBER786-GLOBAL-53;10;10;3,891;14,061;0,112
CYBER786-GLOBAL-54;10;10;1,661;13,285;0,108
CYBER786-GLOBAL-55;10;10;2,543;14,732;0,112
CYBER786-GLOBAL-56;10;10;2,111;14,869;0,103
CYBER786-GLOBAL-57;10;10;2,320;13,849;0,125
CYBER786-GLOBAL-58;10;10;1,752;13,629;0,112
CYBER786-GLOBAL-59;10;10;2,334;13,791;0,111
CYBER786-GLOBAL-60;10;10;4,204;14,463;0,116
CYBER786-GLOBAL-61;10;10;1,971;13,292;0,111
CYBER786-GLOBAL-62;10;10;1,844;13,386;0,117
CYBER786-GLOBAL-63;10;10;1,166;13,800;0,117
CYBER786-GLOBAL-64;10;10;2,022;14,794;0,109
CYBER786-GLOBAL-65;10;10;2,339;13,694;0,114
CYBER786-GLOBAL-66;10;10;2,274;13,937;0,112
CYBER786-GLOBAL-67;10;10;1,691;13,361;0,111
CYBER786-GLOBAL-68;10;10;2,570;14,254;0,126
CYBER786-GLOBAL-69;10;10;1,123;14,437;0,116
CYBER786-GLOBAL-70;10;10;2,019;14,053;0,118
CYBER786-GLOBAL-71;10;10;1,848;13,874;0,118
CYBER786-GLOBAL-72;10;10;5,011;15,899;0,111
CYBER786-GLOBAL-73;10;10;2,315;14,282;0,116
CYBER786-GLOBAL-74;10;10;2,127;15,133;0,122
CYBER786-GLOBAL-75;10;10;1,321;13,877;0,111
CYBER786-GLOBAL-76;10;10;2,925;15,333;0,113
CYBER786-GLOBAL-77;10;10;4,030;14,972;0,114
CYBER786-GLOBAL-78;10;10;1,615;12,814;0,117
CYBER786-GLOBAL-79;10;10;1,485;14,381;0,107
CYBER786-GLOBAL-80;10;10;2,632;13,841;0,111
CYBER786-GLOBAL-81;10;10;1,662;13,754;0,120
CYBER786-GLOBAL-82;10;10;2,316;14,659;0,123
CYBER786-GLOBAL-83;10;10;1,196;13,927;0,118
CYBER786-GLOBAL-84;10;10;2,699;14,592;0,115
CYBER786-GLOBAL-85;10;10;1,599;14,493;0,112
CYBER786-GLOBAL-86;10;10;2,374;14,788;0,113
CYBER786-GLOBAL-87;10;10;3,083;15,662;0,112
CYBER786-GLOBAL-88;10;10;3,116;14,148;0,117
CYBER786-GLOBAL-89;10;10;1,718;13,984;0,110
CYBER786-GLOBAL-90;10;10;2,660;14,678;0,116
CYBER786-GLOBAL-91;10;10;2,082;14,494;0,110
CYBER786-GLOBAL-92;10;10;2,176;15,324;0,121
CYBER786-GLOBAL-93;10;10;1,430;13,054;0,123
CYBER786-GLOBAL-94;10;10;4,868;16,415;0,115
CYBER786-GLOBAL-95;10;10;2,983;14,556;0,117
CYBER786-GLOBAL-96;10;10;3,629;15,264;0,126
CYBER786-GLOBAL-97;10;10;3,737;14,755;0,122
CYBER786-GLOBAL-98;10;10;1,914;14,545;0,110
CYBER786-GLOBAL-99;10;10;3,508;14,961;0,123
CYBER786-GLOBAL-100;10;10;2,482;14,446;0,123
X25519-LOCAL-1;10;10;3,765;15,542;0,124
X25519-LOCAL-2;10;10;2,237;15,636;0,108
X25519-LOCAL-3;10;10;1,134;12,906;0,110
X25519-LOCAL-4;10;10;4,179;14,880;0,114
X25519-LOCAL-5;10;10;3,167;14,896;0,118
X25519-LOCAL-6;10;10;2,188;14,262;0,111
X25519-LOCAL-7;10;10;1,781;13,911;0,135
X25519-LOCAL-8;10;10;4,989;16,317;0,120
X25519-LOCAL-9;10;10;4,151;14,610;0,108
X25519-LOCAL-10;10;10;2,126;13,222;0,112
X25519-LOCAL-11;10;10;3,148;14,247;0,126
X25519-LOCAL-12;10;10;4,399;13,991;0,123
X25519-LOCAL-13;10;10;2,172;14,140;0,111
X25519-LOCAL-14;10;10;1,610;13,508;0,112
X25519-LOCAL-15;10;10;1,832;13,653;0,109
X25519-LOCAL-16;10;10;5,348;16,169;0,114
X25519-LOCAL-17;10;10;1,605;13,116;0,103
X25519-LOCAL-18;10;10;1,429;13,036;0,108
X25519-LOCAL-19;10;10;1,540;12,701;0,104
X25519-LOCAL-20;10;10;1,646;13,432;0,112
X25519-LOCAL-21;10;10;2,531;14,299;0,121
X25519-LOCAL-22;10;10;1,528;14,029;0,130
X25519-LOCAL-23;10;10;1,932;13,554;0,111
X25519-LOCAL-24;10;10;3,438;14,472;0,114
X25519-LOCAL-25;10;10;0,859;12,668;0,112
X25519-LOCAL-26;10;10;1,923;13,299;0,107
X25519-LOCAL-27;10;10;2,243;13,508;0,107
X25519-LOCAL-28;10;10;1,520;12,929;0,109
X25519-LOCAL-29;10;10;0,948;12,745;0,119
X25519-LOCAL-30;10;10;2,645;14,107;0,126
X25519-LOCAL-31;10;10;1,581;13,591;0,107
X25519-LOCAL-32;10;10;1,964;13,683;0,115
X25519-LOCAL-33;10;10;2,079;13,897;0,110
X25519-LOCAL-34;10;10;4,068;14,502;0,106
X25519-LOCAL-35;10;10;2,392;13,886;0,128
X25519-LOCAL-36;10;10;3,466;14,319;0,123
X25519-LOCAL-37;10;10;1,500;12,896;0,111
X25519-LOCAL-38;10;10;5,454;14,542;0,125
X25519-LOCAL-39;10;10;1,847;13,335;0,115
X25519-LOCAL-40;10;10;1,822;13,014;0,123
X25519-LOCAL-41;10;10;1,586;13,165;0,105
X25519-LOCAL-42;10;10;2,468;14,643;0,123
X25519-LOCAL-43;10;10;0,876;14,699;0,120
X25519-LOCAL-44;10;10;2,308;14,118;0,126
X25519-LOCAL-45;10;10;2,241;14,347;0,113
X25519-LOCAL-46;10;10;2,011;14,064;0,105
X25519-LOCAL-47;10;10;2,137;13,482;0,111
X25519-LOCAL-48;10;10;1,187;12,875;0,110
X25519-LOCAL-49;10;10;2,116;13,213;0,117
X25519-LOCAL-50;10;10;0,833;13,197;0,112
X25519-LOCAL-51;10;10;1,338;13,110;0,119
X25519-LOCAL-52;10;10;5,156;14,417;0,109
X25519-LOCAL-53;10;10;2,032;13,254;0,107
X25519-LOCAL-54;10;10;1,831;13,021;0,114
X25519-LOCAL-55;10;10;1,237;13,789;0,117
X25519-LOCAL-56;10;10;1,485;13,595;0,121
X25519-LOCAL-57;10;10;1,636;14,258;0,111
X25519-LOCAL-58;10;10;1,802;13,485;0,112
X25519-LOCAL-59;10;10;1,412;13,427;0,113
X25519-LOCAL-60;10;10;1,545;13,741;0,113
X25519-LOCAL-61;10;10;1,712;13,383;0,109
X25519-LOCAL-62;10;10;2,474;13,866;0,112
X25519-LOCAL-63;10;10;1,618;13,590;0,112
X25519-LOCAL-64;10;10;1,241;13,183;0,118
X25519-LOCAL-65;10;10;1,160;12,967;0,113
X25519-LOCAL-66;10;10;1,770;13,709;0,107
X25519-LOCAL-67;10;10;2,382;13,419;0,111
X25519-LOCAL-68;10;10;1,451;13,208;0,108
X25519-LOCAL-69;10;10;1,159;13,146;0,107
X25519-LOCAL-70;10;10;1,300;13,324;0,125
X25519-LOCAL-71;10;10;2,677;13,898;0,104
X25519-LOCAL-72;10;10;1,708;12,968;0,114
X25519-LOCAL-73;10;10;0,984;14,429;0,143
X25519-LOCAL-74;10;10;2,820;13,683;0,127
X25519-LOCAL-75;10;10;1,700;12,850;0,115
X25519-LOCAL-76;10;10;1,740;13,299;0,116
X25519-LOCAL-77;10;10;1,752;14,066;0,119
X25519-LOCAL-78;10;10;1,764;13,300;0,120
X25519-LOCAL-79;10;10;1,540;13,056;0,115
X25519-LOCAL-80;10;10;1,606;14,363;0,110
X25519-LOCAL-81;10;10;1,223;13,650;0,111
X25519-LOCAL-82;10;10;3,134;14,519;0,104
X25519-LOCAL-83;10;10;2,669;13,764;0,113
X25519-LOCAL-84;10;10;1,142;12,633;0,105
X25519-LOCAL-85;10;10;1,341;13,343;0,135
X25519-LOCAL-86;10;10;1,782;13,048;0,107
X25519-LOCAL-87;10;10;2,096;14,661;0,110
X25519-LOCAL-88;10;10;1,190;13,095;0,116
X25519-LOCAL-89;10;10;2,051;12,988;0,106
X25519-LOCAL-90;10;10;1,052;12,914;0,104
X25519-LOCAL-91;10;10;1,618;13,175;0,111
X25519-LOCAL-92;10;10;1,556;13,198;0,107
X25519-LOCAL-93;10;10;2,534;13,474;0,110
X25519-LOCAL-94;10;10;1,241;13,496;0,113
X25519-LOCAL-95;10;10;1,484;13,267;0,114
X25519-LOCAL-96;10;10;1,342;12,799;0,124
X25519-LOCAL-97;10;10;3,146;13,367;0,110
X25519-LOCAL-98;10;10;2,695;14,424;0,116
X25519-LOCAL-99;10;10;2,383;13,843;0,116
X25519-LOCAL-100;10;10;1,270;13,245;0,118
X25519-GLOBAL-1;10;10;1,440;12,902;0,106
X25519-GLOBAL-2;10;10;2,087;14,397;0,109
X25519-GLOBAL-3;10;10;2,492;15,045;0,115
X25519-GLOBAL-4;10;10;1,567;13,929;0,108
X25519-GLOBAL-5;10;10;1,512;12,835;0,120
X25519-GLOBAL-6;10;10;1,410;13,785;0,120
X25519-GLOBAL-7;10;10;2,203;14,941;0,122
X25519-GLOBAL-8;10;10;1,780;13,770;0,108
X25519-GLOBAL-9;10;10;1,642;14,361;0,134
X25519-GLOBAL-10;10;10;1,350;13,649;0,112
X25519-GLOBAL-11;10;10;1,804;13,705;0,119
X25519-GLOBAL-12;10;10;5,098;15,557;0,122
X25519-GLOBAL-13;10;10;1,317;13,986;0,113
X25519-GLOBAL-14;10;10;2,498;14,539;0,127
X25519-GLOBAL-15;10;10;1,967;13,703;0,121
X25519-GLOBAL-16;10;10;1,459;13,282;0,114
X25519-GLOBAL-17;10;10;1,758;13,314;0,115
X25519-GLOBAL-18;10;10;1,270;12,631;0,102
X25519-GLOBAL-19;10;10;1,310;13,474;0,108
X25519-GLOBAL-20;10;10;2,215;13,491;0,111
X25519-GLOBAL-21;10;10;1,701;13,596;0,112
X25519-GLOBAL-22;10;10;1,080;13,724;0,136
X25519-GLOBAL-23;10;10;1,675;14,742;0,127
X25519-GLOBAL-24;10;10;1,699;13,238;0,110
X25519-GLOBAL-25;10;10;1,268;13,619;0,101
X25519-GLOBAL-26;10;10;1,335;13,265;0,104
X25519-GLOBAL-27;10;10;1,117;12,958;0,107
X25519-GLOBAL-28;10;10;1,034;13,458;0,116
X25519-GLOBAL-29;10;10;1,519;14,639;0,119
X25519-GLOBAL-30;10;10;2,134;14,085;0,107
X25519-GLOBAL-31;10;10;1,283;13,608;0,125
X25519-GLOBAL-32;10;10;1,704;14,625;0,112
X25519-GLOBAL-33;10;10;1,518;13,732;0,104
X25519-GLOBAL-34;10;10;1,334;14,189;0,113
X25519-GLOBAL-35;10;10;1,746;14,148;0,111
X25519-GLOBAL-36;10;10;1,575;13,443;0,108
X25519-GLOBAL-37;10;10;2,210;14,276;0,112
X25519-GLOBAL-38;10;10;1,709;13,727;0,111
X25519-GLOBAL-39;10;10;2,202;14,301;0,115
X25519-GLOBAL-40;10;10;1,385;14,656;0,134
X25519-GLOBAL-41;10;10;2,047;14,197;0,121
X25519-GLOBAL-42;10;10;1,465;13,873;0,113
X25519-GLOBAL-43;10;10;1,882;14,245;0,111
X25519-GLOBAL-44;10;10;1,539;14,544;0,135
X25519-GLOBAL-45;10;10;1,400;13,729;0,114
X25519-GLOBAL-46;10;10;2,477;14,867;0,111
X25519-GLOBAL-47;10;10;1,657;13,989;0,111
X25519-GLOBAL-48;10;10;2,458;14,219;0,112
X25519-GLOBAL-49;10;10;3,459;15,126;0,112
X25519-GLOBAL-50;10;10;2,530;14,248;0,137
X25519-GLOBAL-51;10;10;3,014;14,784;0,106
X25519-GLOBAL-52;10;10;1,306;14,150;0,123
X25519-GLOBAL-53;10;10;1,711;14,721;0,122
X25519-GLOBAL-54;10;10;1,875;13,983;0,116
X25519-GLOBAL-55;10;10;1,819;13,610;0,120
X25519-GLOBAL-56;10;10;1,809;13,647;0,113
X25519-GLOBAL-57;10;10;0,926;12,831;0,112
X25519-GLOBAL-58;10;10;0,842;12,656;0,100
X25519-GLOBAL-59;10;10;0,968;13,247;0,117
X25519-GLOBAL-60;10;10;1,992;14,082;0,110
X25519-GLOBAL-61;10;10;1,521;13,055;0,108
X25519-GLOBAL-62;10;10;1,675;13,828;0,108
X25519-GLOBAL-63;10;10;2,480;14,307;0,109
X25519-GLOBAL-64;10;10;1,572;13,756;0,125
X25519-GLOBAL-65;10;10;1,422;13,728;0,111
X25519-GLOBAL-66;10;10;1,626;13,782;0,116
X25519-GLOBAL-67;10;10;1,503;13,226;0,124
X25519-GLOBAL-68;10;10;2,615;15,089;0,120
X25519-GLOBAL-69;10;10;2,796;14,543;0,119
X25519-GLOBAL-70;10;10;2,270;13,986;0,109
X25519-GLOBAL-71;10;10;2,184;13,941;0,113
X25519-GLOBAL-72;10;10;2,187;14,291;0,119
X25519-GLOBAL-73;10;10;2,763;13,419;0,108
X25519-GLOBAL-74;10;10;1,469;14,074;0,128
X25519-GLOBAL-75;10;10;1,087;13,245;0,113
X25519-GLOBAL-76;10;10;1,608;14,733;0,113
X25519-GLOBAL-77;10;10;1,200;14,267;0,115
X25519-GLOBAL-78;10;10;1,765;13,823;0,114
X25519-GLOBAL-79;10;10;2,312;13,865;0,117
X25519-GLOBAL-80;10;10;1,299;13,589;0,118
X25519-GLOBAL-81;10;10;1,755;13,904;0,113
X25519-GLOBAL-82;10;10;1,563;13,912;0,108
X25519-GLOBAL-83;10;10;1,986;13,933;0,109
X25519-GLOBAL-84;10;10;1,149;13,188;0,122
X25519-GLOBAL-85;10;10;1,945;14,406;0,125
X25519-GLOBAL-86;10;10;2,826;14,403;0,143
X25519-GLOBAL-87;10;10;1,193;14,059;0,111
X25519-GLOBAL-88;10;10;2,271;14,286;0,127
X25519-GLOBAL-89;10;10;1,621;14,051;0,113
X25519-GLOBAL-90;10;10;1,692;13,268;0,104
X25519-GLOBAL-91;10;10;1,995;13,564;0,103
X25519-GLOBAL-92;10;10;1,450;13,649;0,105
X25519-GLOBAL-93;10;10;2,245;14,140;0,118
X25519-GLOBAL-94;10;10;2,106;14,517;0,139
X25519-GLOBAL-95;10;10;1,428;13,813;0,122
X25519-GLOBAL-96;10;10;1,471;13,565;0,112
X25519-GLOBAL-97;10;10;1,490;13,519;0,111
X25519-GLOBAL-98;10;10;1,116;14,112;0,118
X25519-GLOBAL-99;10;10;2,078;14,828;0,108
X25519-GLOBAL-100;10;10;2,432;14,869;0,114
